[gd_scene load_steps=12 format=3 uid="uid://6s4jwca2o6sq"]

[ext_resource type="PackedScene" uid="uid://c8vq4a0408n08" path="res://models/Room/Room base.glb" id="1_8j3d6"]
[ext_resource type="PackedScene" uid="uid://cumdvs8e1uxbx" path="res://models/Room/Tabel.glb" id="2_d406x"]
[ext_resource type="PackedScene" uid="uid://bdk4y1616wm37" path="res://models/Room/Chair.glb" id="3_yl7tg"]
[ext_resource type="PackedScene" uid="uid://bfwy4n5gndyvd" path="res://models/Room/Square Drawrs.glb" id="4_3vjp0"]
[ext_resource type="PackedScene" uid="uid://k7qvotta4bhc" path="res://models/Room/BookShelf.glb" id="5_tctxt"]
[ext_resource type="PackedScene" uid="uid://c8ilxeckj4g26" path="res://models/Room/Small drawer.glb" id="6_rusjm"]
[ext_resource type="PackedScene" uid="uid://dkix22hlnvcp" path="res://models/Room/Workbench.glb" id="7_pnheh"]
[ext_resource type="PackedScene" uid="uid://bplnut3jd0dps" path="res://scenes/dice_throwing/dice_thrower.tscn" id="8_tcys4"]

[sub_resource type="ProceduralSkyMaterial" id="ProceduralSkyMaterial_yremt"]
sky_top_color = Color(0.572174, 0.674719, 0.817391, 1)

[sub_resource type="Sky" id="Sky_ek3ka"]
sky_material = SubResource("ProceduralSkyMaterial_yremt")

[sub_resource type="Environment" id="Environment_ixvu5"]
background_mode = 2
sky = SubResource("Sky_ek3ka")
sdfgi_use_occlusion = true
sdfgi_read_sky_light = false
sdfgi_cascades = 8
sdfgi_max_distance = 3276.8
sdfgi_y_scale = 2
glow_normalized = true
glow_blend_mode = 0
glow_hdr_scale = 1.35
glow_map_strength = 0.0
volumetric_fog_enabled = true
volumetric_fog_density = 0.011

[node name="Node3D" type="Node3D"]

[node name="Camera3D" type="Camera3D" parent="."]
transform = Transform3D(0.0245717, 0.387399, -0.921585, -6.24712e-09, 0.921863, 0.387516, 0.999698, -0.00952191, 0.0226517, -12.1429, 10.2946, -0.202384)
current = true

[node name="Room base" parent="." instance=ExtResource("1_8j3d6")]
transform = Transform3D(1, 0, 0, 0, 1, 0, 0, 0, 1, 0.435855, 0, 0.470311)

[node name="Tabel" parent="." instance=ExtResource("2_d406x")]

[node name="Chair" parent="." instance=ExtResource("3_yl7tg")]
transform = Transform3D(-4.37114e-08, 0, -1, 0, 1, 0, 1, 0, -4.37114e-08, 0.584375, 0, 7.68841)

[node name="Chair2" parent="." instance=ExtResource("3_yl7tg")]
transform = Transform3D(1.31134e-07, 0, 1, 0, 1, 0, -1, 0, 1.31134e-07, 0.488227, 0, -9.08291)

[node name="Chair3" parent="." instance=ExtResource("3_yl7tg")]
transform = Transform3D(1, 0, -1.74846e-07, 0, 1, 0, 1.74846e-07, 0, 1, 16.7894, 0, -0.162191)

[node name="Square Drawrs" parent="." instance=ExtResource("4_3vjp0")]
transform = Transform3D(0.974668, 0, -0.223658, 0, 1, 0, 0.223658, 0, 0.974668, 20.2971, 0, -32.0084)

[node name="BookShelf2" parent="." instance=ExtResource("5_tctxt")]
transform = Transform3D(-0.987549, 0, -0.157313, 0, 1, 0, 0.157313, 0, -0.987549, 28.3329, 0, 33.4886)

[node name="BookShelf" parent="." instance=ExtResource("5_tctxt")]
transform = Transform3D(0.99476, 0, 0.102237, 0, 1, 0, -0.102237, 0, 0.99476, -9.33988, 0, -32.1237)

[node name="Small drawer3" parent="." instance=ExtResource("6_rusjm")]
transform = Transform3D(-0.606141, 0, -0.795357, 0, 1, 0, 0.795357, 0, -0.606141, -26.3376, 0, 25.1202)

[node name="Small drawer2" parent="." instance=ExtResource("6_rusjm")]
transform = Transform3D(0.953101, 0, -0.302653, 0, 1, 0, 0.302653, 0, 0.953101, 57.9256, 0, 9.04631)

[node name="Small drawer" parent="." instance=ExtResource("6_rusjm")]
transform = Transform3D(1, 0, 0, 0, 1, 0, 0, 0, 1, 62.0575, 0, -20.1392)

[node name="Workbench" parent="." instance=ExtResource("7_pnheh")]
transform = Transform3D(1, 0, 0, 0, 1, 0, 0, 0, 1, -0.408657, 0, 36.4652)

[node name="WorldEnvironment" type="WorldEnvironment" parent="."]
environment = SubResource("Environment_ixvu5")

[node name="Room Light" type="OmniLight3D" parent="WorldEnvironment"]
transform = Transform3D(1, 0, 0, 0, 1, 0, 0, 0, 1, 0, 36.8745, 0)
light_color = Color(0.832118, 0.720644, 0.593199, 1)
light_energy = 5.547
omni_range = 272.394

[node name="Candel" type="OmniLight3D" parent="."]
transform = Transform3D(1, 0, 0, 0, 1, 0, 0, 0, 1, 3.12413, 9.59608, 1)
light_color = Color(1, 0.82401, 0.543478, 1)
light_energy = 1.356

[node name="DiceThrower" parent="." instance=ExtResource("8_tcys4")]
transform = Transform3D(0.25, 0.000173623, 4.03019e-05, -0.000173633, 0.25, 5.85793e-05, -4.02612e-05, -5.86072e-05, 0.25, 0.343366, 7.55986, -0.049957)

[node name="DiceSpawnPos" parent="DiceThrower" index="0"]
transform = Transform3D(1, -2.31815e-11, 2.91038e-11, 5.00663e-10, 1, -1.01863e-10, 1.16415e-10, 0, 1, -0.00193977, 10.6548, -0.00608397)

[editable path="DiceThrower"]
